SampleID	richness	chao1	ACE	shannon	simpson	invsimpson
Q1	2481	4627.63235294118	4698.12398978832	6.56093216701425	0.993363765553351	150.687864938975
Q10	3432	6133.58482142857	6802.76756631339	7.27176153017519	0.997677389304869	430.549985021776
Q100	3142	5786.5	6271.21642307021	6.99030690289281	0.995770047251103	236.409260188696
Q101	3156	5688.7528830313	6320.46845359243	6.9964342247084	0.994433006037585	179.630157092224
Q102	2619	4552.40606060606	4953.77863828376	6.60843311505261	0.991426594519546	116.639764942859
Q103	3063	5362.08020477816	5682.0336452712	7.01338604623961	0.996292304165967	269.709287051249
Q104	3198	5629.07075471698	6233.40751627814	7.08455203087282	0.99668677101862	301.820370888884
Q105	3075	5307.77128547579	5717.32199511061	7.04999783690718	0.996509135160817	286.461964604212
Q106	2652	4581.84782608696	4937.73753956329	6.52332680531764	0.985010866169355	66.7149957628329
Q107	2872	5209.08771929825	5514.73350237337	6.8585933818092	0.994571357556844	184.208116572623
Q109	2779	4884.93641618497	5193.47129217521	6.73522114218738	0.992297022710986	129.819933576362
Q11	3029	5473.56476683938	5922.08094044803	6.79404453750327	0.992134319183502	127.134576564889
Q110	2716	4680.26425855513	5080.36681578211	6.69616124692635	0.993088846544741	144.693647228891
Q111	3042	5577.02985074627	5827.68907959568	6.96680310849142	0.994847025858015	194.062685440678
Q112	2997	5601.17439703154	6029.49684123486	6.80882737088273	0.991175153344507	113.3164165949
Q113	2815	4951.67184466019	5221.422137959	6.87220613952386	0.995949146013428	246.861526807656
Q114	2866	5006.63531669866	5248.70656737639	6.96871066664542	0.996182336562523	261.94032459309
Q115	2863	5382.45186640472	5681.22178952107	6.7387186938694	0.993569785326968	155.515803258312
Q116	2488	4661.28798185941	4872.0128735847	5.93544408678475	0.956937710524449	23.2221744867458
Q117	3077	5538.3612565445	5824.982134212	6.87673395170158	0.992079032096696	126.247197590953
Q118	2751	5494.125	5819.83451047508	6.41964689294481	0.985909696116909	70.970790147404
Q12	3362	6186.5332278481	6722.99483232333	7.09259993297256	0.995486315134753	221.548475326575
Q13	3476	5914.04	6394.45014207936	7.29076134620561	0.996687984158956	301.930923037146
Q14	3023	5413.90509666081	5800.6003007609	6.89789911305852	0.994776485315507	191.441981194906
Q147	3153	5451.3197492163	5928.66943271772	6.8542231360538	0.990265084008541	102.723023072553
Q148	2872	4834.29908256881	5167.43515936221	6.9917429280579	0.996358473835203	274.610137273538
Q149	3298	5319.26783114993	5716.94427152787	7.20532371507226	0.994991460919255	199.659019102881
Q15	3211	5304.70047543582	5526.02352639267	7.1985463941247	0.997162910760398	352.473932099581
Q150	3257	5413.60514372163	5823.48400880676	7.17626906515794	0.995087227644642	203.551055832955
Q151	3142	5281.11920529801	5591.96076300811	7.17218128206123	0.995844584020601	240.649794137977
Q152	3194	5243.4024577573	5549.73295853374	7.13640905297071	0.996597301918803	293.884434098285
Q153	2948	4901.99649122807	5252.53579340882	6.97663600506461	0.992464293355031	132.701556352066
Q155	3078	5007.94522691706	5509.465720103	6.97791000555615	0.991604069814656	119.105325785779
Q156	3215	5784.99348534202	6282.82184387606	7.08718140115077	0.996236035862712	265.677345353373
Q157	3315	5726.53168469861	6182.54921770021	7.24872339389488	0.997398598951362	384.408240522302
Q158	3189	5868	6389.47973929705	7.03861125970776	0.995485173355613	221.492446724016
Q159	3180	5667.67576791809	5902.60872513862	7.06701100771381	0.994506722153327	182.040673694603
Q16	3322	5600.13114754098	6068.04722868887	7.19411305633795	0.996616765685084	295.575152921325
Q160	3118	5557.08212560387	6177.05548066456	6.9009736923151	0.994205167578211	172.567544186419
Q161	3068	5339.51655629139	5807.92858689259	6.87906928336618	0.992369989534167	131.061419178646
Q162	3407	5832.68018018018	6181.46225566341	7.34619541946356	0.997896414656505	475.37885880996
Q163	2983	5408.18294849023	5815.340881062	6.77245520022963	0.993218170872672	147.452845128518
Q164	2830	5196.41304347826	5227.01815960876	7.07195073792275	0.9975182181566	402.936302664779
Q165	3392	5720.45	6081.15707709813	7.17123409053156	0.996542817645454	289.252893670821
Q166	3149	5719.19173553719	6258.17181084462	6.95736560452695	0.995517232373035	223.076474895731
Q167	3183	5662.488	6176.20527146955	6.99773136720394	0.995848883532676	240.899046767692
Q168	2845	5324.51089108911	5652.84548173451	6.69833258249106	0.994009013489978	166.917418079163
Q169	3316	5823.11332312404	6308.55588852204	7.19792395712839	0.997476400495589	396.259389911986
Q17	3058	5459.52323580034	5971.11696276566	7.00665157345122	0.99613213396095	258.540494914785
Q170	3213	5224.39013452915	5671.51761788772	7.14109971042885	0.995963775058663	247.756260994864
Q171	3068	5522.43441226576	5982.37799599915	6.88057822020651	0.994614887886565	185.697155218966
Q172	3127	5490.04713804714	5738.7362198757	7.05793955486506	0.996700668611592	303.091712312842
Q173	2209	3347.50663716814	3565.54603610081	6.38457831015285	0.989894951323814	98.9604337440437
Q174	2450	4500.4028436019	4826.05141884965	6.65849707141279	0.995293497182446	212.471985838454
Q175	2657	4694.14928425358	4963.78670488584	6.67279391490627	0.993879385876963	163.382297903101
Q176	2749	5019.11475409836	5213.64716353406	6.71090061234764	0.994107045933347	169.694178622354
Q177	3255	5555.00154320988	6031.18679664336	7.19122396064012	0.997101593652507	345.017185345677
Q178	3120	5561.02666666667	5984.07748437879	6.96201993704523	0.99545332842178	219.941111381418
Q179	2441	4430.2275	4554.0629993005	6.71409803489466	0.995335707330037	214.394779821532
Q18	3283	6028.21900161031	6575.03771504501	7.08388762237581	0.995701272898202	232.62700244028
Q180	3066	5443.47747747748	5578.58167524207	7.10812047663718	0.997386645950987	382.650027989023
Q181	2616	4858.31177829099	4945.05987653994	6.70317740890038	0.994879263278428	195.284400345606
Q182	3372	5643.36106983655	6007.67881357309	7.34040464912222	0.998124716963655	533.252837368596
Q183	3394	5707.22303206997	6059.80158951269	7.28798223796567	0.997620264667259	420.214797100254
Q184	3001	5257.54545454545	5592.54348945156	7.05220039176601	0.996741861862136	306.923757583722
Q185	2793	5009.52723735409	5462.05591143583	6.7446943022557	0.993935564978722	164.895822362905
Q186	2843	4942.38834951456	5218.90082682783	7.01407059665314	0.996619673653832	295.829425207281
Q187	3201	5561.96202531646	6052.02598252531	7.0893153768554	0.996887295980124	321.264082166029
Q188	2934	5414.83650190114	5737.20120104638	6.93751300396594	0.996191898962822	262.598074535616
Q189	2850	4667.18984962406	4851.73248919896	7.10799434126001	0.997670449428532	429.267349783271
Q19	2936	5004.91176470588	5456.53336516292	6.94647712116514	0.99553967546926	224.19893285976
Q190	3013	5278.56217162872	5682.97178771426	6.99573446251133	0.996219872551758	264.541345150953
Q191	2739	4845.49112426035	5117.31985265556	6.70205413203292	0.993870501408028	163.145481640161
Q192	3384	6166.27131782946	6563.16984032006	7.14967282980447	0.996761325628417	308.768306185516
Q193	2938	5232.74719101124	5490.4958886924	6.97955880064156	0.996053065755489	253.36120088412
Q194	2442	4548.02525252525	4737.55295608592	6.73858937415381	0.996409140284551	278.484841860511
Q195	3062	5267.37375415282	5645.20218508653	6.92179699450103	0.99425294389911	174.00212951552
Q196	3111	5258.58038585209	5681.22351767377	7.0231501421037	0.995492737642417	221.864165132894
Q197	2571	4528.69197396963	4779.79355404645	6.35068498297804	0.977129896216558	43.7252060361875
Q198	3524	5932.6775106082	6332.0575470299	7.42314249418737	0.998196898813677	554.600045513461
Q199	3095	5367.61942675159	5822.84439137236	6.61184041061913	0.979218656271529	48.1200837186463
Q2	2610	4576.68466522678	4729.26865451717	6.71597500167725	0.994358273024797	177.250690151312
Q20	3195	5548.65650080257	5920.35605452649	7.11623889172778	0.996033352225021	252.102040999901
Q200	3244	5661.65402843602	6028.92812974921	6.96403996136054	0.989097061788377	91.7183955911974
Q201	3459	6518.12621359223	6780.73844096129	7.14581507208695	0.994352439247002	177.067594973497
Q202	3554	6080.775	6564.17383873128	7.33293941432723	0.99710059459576	344.898301747477
Q203	3713	6440.31301939058	6749.33245211841	7.47913889865807	0.997523302641834	403.763502513938
Q204	3926	6812.88095238095	7274.9366280429	7.53317877699218	0.996363932966718	275.022432437737
Q205	3610	6358.73097826087	7091.63503363702	7.26036924802752	0.993838727835391	162.30414324887
Q21	3026	5152.10929853181	5657.95532901059	6.95814598263535	0.995260528309772	210.993981051039
Q22	3257	5421.48023426061	5963.69803392961	7.10829974560755	0.995584365418421	226.468015304494
Q23	2815	4835.37333333333	5167.46780418717	6.97073173829078	0.996751745387819	307.857640300098
Q24	3239	5592.09375	5969.73380631284	7.13343357027293	0.99630732569778	270.806444911467
Q25	3343	5730.18373493976	6197.34707827374	7.20208456613735	0.995966147818438	247.901994170953
Q26	3181	5281.30660377358	5585.32862781531	7.16065512892542	0.996692676157611	302.359263155056
Q27	3206	5365.84053651267	5943.12049417135	7.05493358872184	0.99528157986267	211.935345072047
Q28	3025	4940.68813559322	5136.87203677719	7.10841428839595	0.99660786337585	294.799446720557
Q3	3091	5442.77777777778	5939.55117277705	7.06275491917099	0.996642009708263	297.79716828264
Q30	2841	4893.77966101695	5151.00455607269	6.82226357550126	0.993834303441222	162.187676682918
Q31	2811	4816.97649186257	5286.58793019488	6.59899714157933	0.984853086564414	66.0200511643904
Q32	2685	4558.44129554656	4767.55200018226	6.81663756654387	0.993850555953672	162.616326364834
Q33	2524	4656.83571428571	4741.73359475006	6.56120280536748	0.992406740550243	131.695750239648
Q35	3003	5122.63537906137	5275.04960159032	6.96160886920804	0.993090505692554	144.728391905953
Q36	3207	5609.14082278481	6182.79627057648	7.01898714787754	0.994718254579355	189.331351732943
Q37	3198	5414.77029096478	5974.18083166585	7.05412264915782	0.995647859042798	229.771969665915
Q38	3467	6223.61428571429	6984.34781920219	7.09836555856246	0.994446760908165	180.07508473215
Q39	2761	4982.9375	5164.01158133022	6.74552587311996	0.991450750284481	116.969328686797
Q4	3137	5529.05220228385	6083.95808229177	6.97963252699862	0.993924057985825	164.583532506885
Q40	2763	4682.63414634146	5018.16335658427	6.77306813971985	0.993520546101545	154.33399414084
Q41	2675	4564.36178861789	4767.48489159891	6.75854004730639	0.993042372565673	143.727155476352
Q42	2902	4810.24459234609	5311.33431822492	6.80730261454916	0.992626586555636	135.622396268095
Q44	2844	4816.12087912088	5199.09026383722	6.89885625529104	0.994902384306017	196.170143069127
Q46	3197	5907.55921052632	6512.12087581413	6.87926945706593	0.991512923726727	117.826206316675
Q48	2552	4853.12026726058	5240.5682140661	5.94002856570868	0.952101027044609	20.8772743610038
Q49	3099	5458.60131795717	5949.35665359174	6.95838789397742	0.993711597864245	159.022908906245
Q5	3427	5913.77971014493	6383.24039606984	7.22462165898666	0.996495023484256	285.308616336835
Q56	3090	5144.99212598425	5590.05724763362	6.96019657180263	0.99358216649452	155.815821514547
Q58	3122	5211.46398659967	5480.35706133866	7.14657292207839	0.996228649978898	265.15703777289
Q59	3384	6116.828438949	6584.185865445	7.15988941075861	0.996028339100983	251.783831859242
Q62	3357	5987.45539906103	6364.32850993026	7.08560052591274	0.992346190575213	130.653893309838
Q63	3246	5665.65727699531	6072.36472985831	7.0748767964402	0.995123104486065	205.048477487892
Q67	3443	5963.53506097561	6301.33294472175	7.3889156165178	0.998046183967166	511.818913958564
Q69	3471	5919.56553755523	6267.04278510814	7.36991750058621	0.997694587353169	433.761826272006
Q7	3375	5690.96264367816	6229.00486475682	7.22484096622553	0.996575501073344	292.013524143931
Q71	3240	5613.33870967742	5913.43860316457	7.15692137872917	0.996631430410916	296.861909351863
Q73	3118	5763.26584507042	6206.85446189718	7.04501424606974	0.99653391533622	288.509975088015
Q74	3467	5983.94864479315	6499.50989096153	7.25513477608339	0.996613161944673	295.26064832861
Q75	3344	6277.14910858995	6773.87600961572	7.07015102105768	0.993070239112815	144.305123406096
Q76	3123	5670.01776198934	5898.75330301948	7.00707444760001	0.994773131339283	191.319136735829
Q77	3218	5670.85880398671	6000.33638031947	7.18952490661219	0.997145016940434	350.264775354621
Q78	3224	6014.66844919786	6180.28878449486	7.11866100292154	0.996531382013753	288.299260386985
Q79	2628	4689.1948608137	4833.351782128	6.47724946959195	0.983772892136553	61.6252759527516
Q8	3306	5877.85538461538	6453.54737589783	7.1526573429851	0.996657049080375	299.136907493783
Q80	2804	4811.21611721612	5152.50045532879	6.63675986757721	0.990021724488979	100.217717870737
Q81	3076	5343.04975124378	5797.38693949509	7.03636596019413	0.996284811240359	269.165327711804
Q82	3139	5595.46299483649	5986.88807675683	7.1062346603009	0.996973946312689	330.463403274397
Q83	3228	5564.4452887538	6132.81143553631	7.00172301003105	0.992811037407682	139.102128736705
Q84	3377	6012.13663663664	6701.14813033888	7.16406985500344	0.995315744035381	213.481075234417
Q85	3252	5928.12935323383	6254.82932684573	6.97795552177552	0.991222751262415	113.930917295067
Q86	2994	4904.59491525424	5330.01731768635	7.18384466991444	0.997747894166779	444.028866338712
Q87	3271	5486.53240740741	5871.39197733386	7.26461257334003	0.997532008707779	405.187815350807
Q89	2860	4629.9012797075	4820.81896656215	7.0935995481891	0.997620746355334	420.299871029663
Q9	3097	5391.12802768166	5683.75551310358	7.03512942130918	0.995503852148736	222.412614771726
Q90	3608	5736.46245059289	6061.95032184694	7.53082568047362	0.998427395477613	635.887780916403
Q92	2928	4935.5595026643	5159.32506269144	6.95011783169332	0.995247237286967	210.403939851205
Q98	3237	5748.63695299838	6221.29520924814	7.13712756158817	0.996103018592874	256.608871207717
Q99	3034	5261.16243654822	5740.56493340058	6.92257708452079	0.993659254426785	157.710160178044
