SampleID	richness	chao1	ACE	shannon	simpson	invsimpson
Q1	53	96.875	96.0031152647975	2.91459318943064	0.887552082673725	8.89300596914067
Q10	84	127.05	149.705405405405	3.65931748428467	0.938716581603576	16.3176276090101
Q100	41	79.5	81.3363054227122	2.54926080909511	0.863844176238903	7.34452609059622
Q101	71	129.583333333333	150.096809108335	3.59135265212195	0.955990932232368	22.7225899280576
Q102	42	75	78.5019119140454	2.50564856282278	0.846189891212117	6.50152326060107
Q103	37	50.125	57.2508174791914	2.66973859012228	0.892592545687111	9.31034076170263
Q104	47	68	70.849853515625	2.82867992904299	0.891478071452996	9.21472750612674
Q105	63	125	116.902837601483	3.4098024955533	0.943605070857765	17.7320907253537
Q106	34	139	82.7773668639053	2.13166272587391	0.756398728486215	4.10506888484533
Q107	46	76	104.880621693122	2.69925394080059	0.882005040463013	8.47493828485564
Q109	54	89.1	107.083855595497	3.17214210725724	0.932359012677144	14.7839355925857
Q11	68	168.428571428571	134.01880770471	3.40029367157615	0.932738947075138	14.8674449256261
Q110	80	170	169.738895558223	3.70615716477242	0.958397183419663	24.0368340943683
Q111	53	158.6	131.749961568962	2.46864606221427	0.762401691974519	4.20878417994776
Q112	56	102.5	115.827666858308	2.69465314484782	0.825926723319107	5.74470716624227
Q113	84	129.315789473684	148.713269909606	3.57033099687478	0.918681374349362	12.2973057156206
Q114	50	120.2	101.390312877137	2.99888621439669	0.913767556135307	11.5965633720076
Q115	72	254.142857142857	234.329439546746	2.933980929247	0.850825090867644	6.70354019865863
Q116	48	57.5625	72.871473354232	2.76191429115279	0.85667608059675	6.97720243880887
Q117	81	153.769230769231	154.511347161277	3.68835467689911	0.951051785058447	20.4297542043984
Q118	66	195	198.893606619248	3.06205176463829	0.881574448145287	8.44412362314191
Q12	68	131.909090909091	163.890990332919	3.45974407129645	0.949405402667139	19.7649561952441
Q13	67	107.615384615385	117.72088165785	3.45440569796298	0.94479553197148	18.1144757972012
Q14	67	203.666666666667	162.630923076923	3.12100037838434	0.900419194285787	10.0420958921531
Q147	62	167.6	120.89748822606	3.27986343845194	0.924810982636998	13.2998147212397
Q148	58	135.5	97.2005868266818	2.82119394735718	0.849026734717139	6.62368928781143
Q149	56	98	100.462412598425	3.06700983687322	0.911234660148681	11.2656584391497
Q15	77	188.363636363636	181.007168458781	3.1205184167	0.876407340332569	8.09109539911876
Q150	49	91.8571428571429	93.1976445192216	2.87250351615841	0.889021162345968	9.01072692000456
Q151	58	85	95.8031983540634	3.05687394797142	0.895252086473069	9.54672953693628
Q152	74	197	154.544736963757	3.53585331938078	0.943022504780841	17.5507890642365
Q153	57	74.2727272727273	77.0361244755471	3.49618289627522	0.956649485188891	23.0677768039731
Q155	60	122.333333333333	126.003926594497	2.92132084775291	0.864806676713821	7.3968149882904
Q156	53	93.6	112.170184313041	2.72042677686162	0.858879700105115	7.08615274163152
Q157	39	69.6	67.2473958333333	2.45262975306003	0.828332974506402	5.82523054223534
Q158	58	87	114.678483784498	3.1775668981341	0.923493876723952	13.0708491971528
Q159	61	185	112.877791364224	3.35350391088263	0.936487633135345	15.7449651046859
Q16	49	99.1428571428571	102.394329476943	2.83889749769617	0.893023138004838	9.34781579258909
Q160	61	104.153846153846	126.642127724432	2.8249766680891	0.837299426299059	6.14625982719701
Q161	62	107.111111111111	107.151110526843	3.4857914768486	0.951634351135371	20.6758313694684
Q162	56	87.5	100.925269972394	2.86350625015855	0.871417535238915	7.77711021372993
Q163	65	111.75	122.16774894726	3.21305074491014	0.915844530844341	11.8827689992476
Q164	44	61.2727272727273	75.4245014245014	2.41887876392182	0.785754992971214	4.66755334870249
Q165	49	72	82.1094891344047	2.47153765609178	0.76863261610162	4.32213038480486
Q166	43	82.4285714285714	96.3526793943384	2.46773080395356	0.82048099694786	5.57044091710759
Q167	56	93.8	108.212091590391	3.07077345655596	0.907561960968073	10.8180572681189
Q168	56	83.6	87.5904844250943	3.23435312836639	0.922809994807563	12.95504511895
Q169	69	96.1875	109.470693217178	3.47733809754227	0.94099618799154	16.9480575230736
Q17	69	102.066666666667	115.300621118012	3.59833943761605	0.958574486138727	24.1397126261082
Q170	40	75	77.1094868234325	2.35160822997481	0.775294132546447	4.45026207518458
Q171	59	90.2307692307692	116.847342995169	3.22489483071528	0.929142234774129	14.1127792672029
Q172	45	79.3636363636364	135.040886965927	2.32164910530403	0.809133622927774	5.23926746732135
Q173	46	93.25	105.556779920416	2.59318263890659	0.871164245640253	7.76182050525902
Q174	64	93.0625	108.925831684715	3.05032084814017	0.875343524018186	8.02204612414914
Q175	69	136.363636363636	143.176295045995	3.30256247946967	0.923949798001545	13.1492089925062
Q176	25	36	45.9618644067797	1.41981107982958	0.522688415800205	2.09506752633394
Q177	68	116	113.841957370569	3.451389474242	0.941046845911273	16.9626208378088
Q178	67	98.2307692307692	102.857810823529	3.56995178199821	0.954015273362799	21.7463508675296
Q179	54	84	89.7805400206069	3.13867749571201	0.926913286305898	13.6823774042627
Q18	56	131.428571428571	123.159782608696	2.83840267665419	0.865110624232216	7.41348230213125
Q180	58	94.25	106.457095709571	3.0540561577627	0.906852750091817	10.7356900067981
Q181	60	96.25	115.594185280537	3.30468323065743	0.940261648155418	16.7396650413398
Q182	30	41.375	54.1699926953981	1.67547639751184	0.596091741492636	2.47580973881416
Q183	57	108.666666666667	110.5	3.08092363581877	0.918934663948025	12.3357287923762
Q184	63	174.428571428571	178.789473684211	3.09184585437922	0.910424133432961	11.1637211932702
Q185	69	106.4	113.672637539666	3.35900593763323	0.923569863603551	13.0838442419221
Q186	78	196.25	162.382244204636	3.65119564314133	0.952774154329352	21.1748458031644
Q187	73	127.076923076923	141.909385622561	3.55345267772789	0.945985993085194	18.5137162954279
Q188	33	41.25	50.9978813559322	2.69727732621265	0.903281366750674	10.3392693466021
Q189	65	125.545454545455	137.540730054178	3.16265707837185	0.913286305897848	11.5322038849131
Q19	77	131.076923076923	131.205922070381	3.76620997943828	0.962120540520004	26.3995319291207
Q190	36	93	88.2576819407008	2.63302769519156	0.890008991780753	9.09165227403569
Q191	38	51.3333333333333	62.8284660188926	2.61684676811341	0.868656678613493	7.61363417221097
Q192	62	107.090909090909	117.730034914547	3.19494439942833	0.910829396790821	11.2144581735549
Q193	60	126.6	135.833134883721	2.9634417647684	0.90269880067375	10.277365612391
Q194	59	133.1	202.453097770567	2.74621399032803	0.845151403857601	6.45792099452032
Q195	98	155.416666666667	197.410273725381	3.7782229615769	0.935043882422968	15.3950087736401
Q196	56	99.5	104.058321761555	2.7213134477585	0.837856663416117	6.16738264469265
Q197	64	108	113.25546875	3.13494700002896	0.899304720051671	9.93095208149918
Q198	78	214.111111111111	214.955922865014	3.58490598653414	0.953610010004939	21.5563745563746
Q199	58	91.8333333333333	108.439770952629	3.1834724004849	0.928002431580147	13.8893579595427
Q2	65	86.6666666666667	93.7163013928199	3.45424197853312	0.944542242372817	18.0317424069422
Q20	71	134.909090909091	140.975559834642	3.49304396295742	0.946112637884525	18.5572267920094
Q200	64	199.142857142857	202.281873414186	2.76680037115731	0.830941857372627	5.91512472844408
Q201	66	87.4285714285714	97.2951455345057	3.66990755992446	0.963260343713985	27.2185453291968
Q202	71	117.866666666667	143.028211353914	3.38360053406654	0.932941578754068	14.9123701605288
Q203	82	127.555555555556	151.814312406428	3.72003728795397	0.955408366155444	22.4257313263277
Q204	76	158	138.588348068221	3.37748157022706	0.913438279657046	11.5524506217996
Q205	72	139.571428571429	155.436257773973	2.96365095385439	0.848216208001418	6.58831873174802
Q21	75	112.058823529412	128.875909685873	3.52789400148983	0.932814933954737	14.884260131951
Q22	77	114.4	117.775126880204	3.48402405459833	0.9100188700751	11.1134412385644
Q23	78	117.055555555556	128.860138185168	3.56014117457408	0.932840262914603	14.8898736564209
Q24	42	100.5	122.051920768307	2.10506715187855	0.761413862539735	4.19135835235416
Q25	63	103.6	99.9966691491387	3.30594212383569	0.927419865503223	13.7778747164544
Q26	56	96.6	99.7535744404019	2.95545187368279	0.893757677840959	9.41244486827989
Q27	81	163.090909090909	159.860358844978	3.75570182520228	0.959030407416319	24.4083462132921
Q28	68	155.875	143.84451283486	3.4244116541797	0.938716581603576	16.3176276090101
Q3	75	218.5	152.154033149171	3.61633341414289	0.949329415787541	19.7353161709573
Q30	75	126.230769230769	136.821956295525	3.70301763400639	0.959486328693912	24.683025945608
Q31	70	120.214285714286	135.121516938374	3.25254555556003	0.909233672319246	11.0173015208595
Q32	78	135	140.117973856496	3.72240499107122	0.957156064386216	23.3405261602128
Q33	47	85.5	90.9639067415223	2.9685340595954	0.908144527044997	10.8866675858266
Q35	52	91	95.6797170419059	2.73184908947151	0.842846468509771	6.36320412603755
Q36	69	108.375	135.458453333333	3.27513454921551	0.912045186864401	11.3694744420446
Q37	73	184.428571428571	143.738153354095	3.55057614161019	0.947632375476501	19.0957678355502
Q38	69	217.2	134.646906603212	3.47291383319183	0.945707374526665	18.418707721017
Q39	71	206.142857142857	209.608153263533	3.57914952129689	0.95773863046314	23.6622715013485
Q4	85	167.875	215.008786548274	3.53102911761236	0.937602107369461	16.0261822610108
Q40	79	220.666666666667	196.563031619822	3.46077328925197	0.936740922734008	15.808008008008
Q41	59	133.1	180.211292517007	2.4717067488936	0.776104659262167	4.46637253238305
Q42	74	126.928571428571	146.403035714286	3.5652348973392	0.949202770988209	19.686113188731
Q44	80	125.555555555556	150.821309350216	3.60959452512268	0.945656716606933	18.4015381030063
Q46	65	80.8125	89.385926162322	3.64604671835319	0.962475145958131	26.6490043874452
Q48	51	68.2727272727273	73.9163694015061	3.13884610728373	0.920125125061739	12.5195814174726
Q49	49	66.1428571428571	63.5235294828512	3.42315441109862	0.9560415901521	22.7487755690003
Q5	69	96.0666666666667	108.099826388889	3.66188409916492	0.961816593001608	26.1893864013267
Q56	48	72.4285714285714	70.0095583933952	3.09481873987811	0.919415914185484	12.4093980826654
Q58	67	98	124.537538217494	3.53742365097485	0.95353402312534	21.521122921777
Q59	42	62	59.7632884479093	2.86017075497155	0.893175111764035	9.36111440426793
Q62	54	87.3333333333333	91.2580628321448	3.32203705259929	0.94710046731931	18.9037586784774
Q63	58	85.6	90.0036899225874	3.35125886595891	0.940109674396221	16.6971875660816
Q67	45	72.6	93.1420118343195	2.55313402356048	0.854523119008118	6.8739444589536
Q69	49	91	103.746987951807	2.62752112370871	0.844644824660275	6.43686312871933
Q7	74	121.571428571429	136.858387777717	3.66554379474242	0.95834652549993	24.0076010945576
Q71	32	41	41.552810592708	2.67916305999487	0.893048466964704	9.35002960331557
Q73	53	70.5	79.052071668533	3.23791873069352	0.937247501931333	15.9356205852674
Q74	71	102.071428571429	108.598655514914	3.6811650266751	0.957434682944745	23.4933055638203
Q75	83	114.5	125.214970999929	3.86430426206761	0.965514621142083	28.9977965479251
Q76	64	95.9090909090909	95.86871887732	3.61253526798405	0.95984093413204	24.9009776095869
Q77	54	84	96.4138829134971	3.32913040350416	0.947657704436367	19.1050084684249
Q78	56	85.5454545454545	102.561855072464	3.19363632177614	0.918656045389496	12.2934765685817
Q79	40	78.5	77.0632098765432	2.05758119514797	0.688998366282089	3.21541719265383
Q8	85	142.4	141.421355797661	3.84742453083742	0.963032383075189	27.0507022953066
Q80	42	67.6666666666667	94.8096534633931	2.43000765715687	0.821671458061575	5.6076272991975
Q81	56	77	78.2780189859445	3.42200926756905	0.949861323944732	19.9446830007578
Q82	53	85.5	92.2170152855994	2.759348768097	0.839376401008093	6.22573523614287
Q83	67	104.8	99.9179919922904	3.60863842182979	0.956193563911298	22.8276958658572
Q84	75	93.125	112.375292139899	3.57841475994468	0.937754081128658	16.0653102746694
Q85	56	71.5454545454545	71.3342242006292	3.31612444055724	0.937627436329327	16.03269035533
Q86	39	70.6666666666667	70.8918918918919	2.41929908578524	0.842365218272312	6.34377761709649
Q87	64	89.0714285714286	92.6661157024793	3.40410465561758	0.939248489760768	16.460496143423
Q89	41	80.4285714285714	93.0623596247853	2.04140401174665	0.725902660807234	3.64833895485838
Q9	65	145.142857142857	122.700089503741	3.36955226193203	0.929167563733995	14.1178258537458
Q90	94	204.076923076923	195.365123564219	3.91216972154873	0.963994883550107	27.7738304607809
Q92	77	120.588235294118	145.362103858557	3.49148045761138	0.929142234774129	14.1127792672029
Q98	81	122.052631578947	143.301646706587	3.78311918177992	0.962449816998265	26.6310286677909
Q99	40	86.2	86.8301234567901	2.44148578741996	0.843631666265625	6.39515671823115
