SampleID	richness	chao1	ACE	shannon	simpson	invsimpson
Q1	524	879.194174757282	925.093623730403	4.81182997974918	0.940563657684014	16.8247230740347
Q10	463	977.223880597015	923.683856551333	4.63480996875996	0.960832979191329	25.5316840380826
Q100	436	789.614285714286	804.957485361398	5.07417084992174	0.986101514921855	71.9502877023953
Q101	314	605.725490196078	636.958136317605	3.49981592130676	0.828712748833191	5.83814611530047
Q102	330	647.1875	646.635993477484	4.26905836020882	0.953201645202716	21.3682725457273
Q103	200	344.030303030303	368.415805192987	3.38577934269106	0.909469679709941	11.0460229986595
Q104	394	651.878787878788	669.401979677942	4.91529437412233	0.97954609069073	48.8904094019231
Q105	405	645.012820512821	689.768020728449	4.84142203783425	0.977346845594396	44.1439625623448
Q106	275	443.478260869565	458.795135540555	4.24724950950444	0.962439404520681	26.6236460641472
Q107	352	608.666666666667	647.285971219356	4.63838242242202	0.972635904512777	36.5442373370941
Q109	343	717.133333333333	694.05279089874	4.48103605733974	0.967960765095516	31.2117315841412
Q11	427	823.164383561644	907.951082321446	4.5702927474312	0.961505306550589	25.9776065320321
Q110	247	526.375	559.364094404667	2.60425636362521	0.686204921287484	3.18679312659378
Q111	538	912.01	988.038685723475	5.45587246142104	0.990737597977996	107.96335525325
Q112	409	777.571428571429	762.326564275356	4.62175708026957	0.953269063921314	21.3991005512109
Q113	319	661.765957446808	668.054164668446	4.14463481489244	0.955324637403533	22.3837019305823
Q114	482	815.488372093023	875.483889863978	5.19035393705695	0.98225399839497	56.350721827757
Q115	489	802.20618556701	873.274631786979	4.9837333732814	0.9738712944115	38.2720834223076
Q116	309	598.714285714286	630.492981169956	3.98684621984361	0.941602835863783	17.1241192066689
Q117	439	826.253521126761	838.135625176765	4.70263715523565	0.959746375430201	24.8424833958995
Q118	422	800.362068965517	749.586531228831	5.03677677914442	0.982654791053118	57.6528079345932
Q12	446	903.684931506849	942.742115582733	4.38052895134417	0.92728960942709	13.7531925233884
Q13	464	982	948.615408642331	5.04215797526411	0.982132644701493	55.9679920891017
Q14	157	412.047619047619	416.793307036437	1.34773197046422	0.369219309836902	1.58533705231439
Q147	366	829.78431372549	825.166720572158	3.62023204433663	0.819013287532001	5.52526749816958
Q148	361	672.387096774194	756.132221704788	4.33530877562063	0.95072249618503	20.2932357076135
Q149	394	689.588235294118	751.357116907123	4.82997422984397	0.977429607883433	44.3058319428136
Q15	545	1010.46391752577	1092.20693220645	5.29032960675852	0.984768949077015	65.6553513645522
Q150	413	802.275862068966	774.914394450907	4.93466251101028	0.981085562258164	52.8696656833825
Q151	261	411.065217391304	426.700553752726	3.75877831744338	0.904337487876255	10.4534156358599
Q152	284	726.964285714286	594.926246977443	4.03820745790303	0.943504973641606	17.7006732177835
Q153	285	531.195652173913	562.19618847887	4.06563358377919	0.960037438311872	25.0234208658623
Q155	305	574.642857142857	534.330089681822	4.09581664674811	0.924454768549214	13.2371028693115
Q156	343	694.56	722.796795657291	4.32328421583241	0.958642568271914	24.1794511461624
Q157	354	542.614285714286	586.028646753223	4.46539930488978	0.957870740183137	23.7364720943836
Q158	407	740.405797101449	796.478489143288	4.86589382691792	0.982367447824886	56.7132874508873
Q159	471	819.185185185185	848.148551144091	5.1078367871209	0.98426400612255	63.5485758184612
Q16	435	763.631578947368	802.194628639554	5.03836735485914	0.984211930974391	63.3389680763341
Q160	225	476.25	536.554587760429	3.0351944804402	0.86861905076304	7.61145360729883
Q161	321	778.1875	895.042022702504	2.71525853757605	0.641462139972419	2.78910573048847
Q162	467	853.346153846154	869.113354201003	5.01886826523037	0.980281652158468	50.7141880261265
Q163	449	809.012658227848	865.578797349923	4.80269188167472	0.970198136639609	33.5549488267599
Q164	293	659	768.40657571511	3.43419121266702	0.885800130001888	8.75657739379677
Q165	445	773.513888888889	784.387464287946	5.09309141834385	0.984062679880116	62.745806225749
Q166	459	871.828947368421	915.025364098986	4.91297545552438	0.977495166775312	44.434899384323
Q167	245	548.363636363636	565.35150722523	3.61504426024949	0.918942242151299	12.3368820769328
Q168	411	910.52	839.485941950604	4.91757337774665	0.983161128877623	59.3864037994257
Q169	390	699.230769230769	750.336930953369	4.77520496029038	0.979853427056201	49.6362335564274
Q17	430	908.5625	963.84347157137	4.7100866477722	0.969035279982964	32.2948180848987
Q170	343	640.22641509434	659.336448693847	4.60312923431366	0.976598265339618	42.7318749875822
Q171	479	821.032967032967	920.025295928323	4.98777835118053	0.976512713310501	42.5762248836979
Q172	448	880.397058823529	874.72464010673	4.47550634927136	0.92291529698178	12.9727424618039
Q173	449	757	824.654723139863	4.92481125750341	0.980095669486474	50.2403232965031
Q174	555	959.628571428571	1022.21610191377	5.39462752649214	0.989001449734928	90.9210737687592
Q175	423	783.753424657534	862.673581058196	4.62888237860874	0.966658886391555	29.9929993864004
Q176	474	924.857142857143	994.082528852839	4.97752471953747	0.976385315180185	42.3465317293115
Q177	631	1130.50892857143	1190.87083404377	5.78495054092325	0.994089005727336	169.176276252655
Q178	582	963.491379310345	1066.45707391601	5.52252187325257	0.988898694308651	90.0794940526051
Q179	488	935.325301204819	1001.24104997784	5.09056278704024	0.983552622402171	60.7999660767795
Q18	575	1069.14705882353	1147.72628335341	5.44540845314949	0.98927251947936	93.2185332871013
Q180	550	1016.29032258065	1057.03800920977	5.44365635151117	0.990415847955446	104.338912336875
Q181	456	788.413793103448	864.924964765641	4.74773568797601	0.956818078259649	23.1578391997674
Q182	525	903.28125	983.202236570703	5.379275846496	0.989685401011188	96.9499639379733
Q183	454	812.538461538462	838.977719016156	4.66960123209348	0.950841990051787	20.3425647428258
Q184	353	675.2	657.709972648174	4.49229053449694	0.966246934773087	29.626938865471
Q185	473	949.283783783784	988.144846300674	4.97399703493346	0.98024399066739	50.6175100023535
Q186	340	742.518518518518	787.372352393898	3.07661273537472	0.745825851405425	3.934310414845
Q187	463	824.5	853.360490346117	4.91939585805019	0.974700312171915	39.5261794056567
Q188	194	324.884615384615	324.647615933108	3.93875085121588	0.956246181543266	22.8551480824203
Q189	190	253.717948717949	278.822419876463	4.01530288677613	0.966181375881209	29.5695057400151
Q19	498	913.566666666667	999.009785378513	5.08778170261273	0.983115098166304	59.2245077791546
Q190	149	229	249.378016423524	3.2169370220672	0.91119048438257	11.2600546579689
Q191	145	219.666666666667	250.821012112296	2.80912576697326	0.829798422680959	5.87538620823419
Q192	440	891.8	933.886159451936	4.51191366475281	0.947587293291884	19.07934283129
Q193	360	719.701754385965	752.361409478371	4.31200613198579	0.951492464447087	20.6153536476655
Q194	435	817.621951219512	944.439231236701	4.41451901158765	0.939398941200648	16.5013618542701
Q195	378	721.111111111111	709.131243062299	4.81650114083233	0.981936432982539	55.3600514800515
Q196	383	814.375	742.993400175553	4.75554078619952	0.973698330526545	38.0204002262763
Q197	307	657.023255813953	709.333006065644	4.05855564772732	0.931755983295036	14.6532992675864
Q198	332	710.122448979592	699.423335078143	3.18650561123297	0.738431645323605	3.82309244265107
Q199	494	904.609756097561	934.754299673475	5.19698966737059	0.985311553522558	68.080719192175
Q2	348	808.775510204082	875.096888305106	3.83545954098179	0.909370178980424	11.03389578342
Q20	462	892.558441558442	968.194430730418	4.76010545587613	0.959765903610761	24.8545410421458
Q200	381	867.279069767442	740.616243142808	4.37061577206038	0.939951309736472	16.6531525602211
Q201	410	692.567567567567	751.358572467229	4.90176804842674	0.981213890301841	53.2308187308187
Q202	493	846.267441860465	854.019806147077	5.18110299722833	0.980092879746394	50.2332827280159
Q203	377	811.72	808.919288063049	4.67124293624888	0.97486211709655	39.7805974290206
Q204	502	918.023255813953	960.040371842214	5.01492719107495	0.97419676408749	38.7548291768776
Q205	324	672.942307692308	703.102538539728	3.30168017975882	0.799156382599833	4.97899815261528
Q21	538	891.333333333333	913.322656950588	5.36522438046844	0.986778026891235	75.6316770404754
Q22	500	976.341463414634	1028.35363399247	5.02580270171534	0.973122249200042	37.2054941443078
Q23	482	1006.06756756757	1033.11055372231	4.90551603467412	0.976230019649069	42.0698707039884
Q24	339	654	701.485816480786	3.76248337408944	0.872687886669599	7.85471212314884
Q25	563	1142.34482758621	1167.75923603574	5.40522198600671	0.989212540067642	92.7002284384294
Q26	531	914.333333333333	972.810155390314	5.41593434020629	0.990680408306358	107.300838156057
Q27	444	1099.38181818182	1054.94617105069	4.60590014006568	0.961390462250632	25.900335986705
Q28	552	1029.9381443299	1104.60239082964	5.32964394936684	0.984535075866982	64.6624575328463
Q3	504	929.406976744186	982.761507638191	5.18501974853965	0.984344443628187	63.8750853850494
Q30	538	970.61797752809	972.511579997859	5.42414115928828	0.9899336878783	99.341247113164
Q31	533	1046.64705882353	1113.68431382515	5.38937671244821	0.990185694398853	101.89207883267
Q32	543	1054.88541666667	1133.7259335541	4.98775776202224	0.966279946697366	29.6559436316755
Q33	586	1006.40540540541	1090.47235785541	5.58913030323887	0.9919664784832	124.478411853224
Q35	570	1091.72916666667	1125.0675892999	5.31225052314177	0.983375473907096	60.152090616697
Q36	507	913.744186046512	972.35145103659	5.20429426148274	0.98356424631917	60.8429658547625
Q37	552	1104.6	1093.03468926845	5.34782066611429	0.986792440548314	75.7142153066254
Q38	480	888.172413793103	991.742651265997	4.69026134735844	0.943761164772278	17.781307097681
Q39	501	973.512820512821	940.296232679787	5.04996797384017	0.979516333463211	48.8193848598343
Q4	498	968.9375	981.818435907528	5.14064645898809	0.984449523837864	64.3067125130812
Q40	532	1052.89887640449	1113.26824273003	5.18241810354921	0.983658632525208	61.1943891196722
Q41	483	896.285714285714	940.88180278605	5.06596734908573	0.982724069598436	57.8840025837012
Q42	548	923.709090909091	991.419503709955	4.98091327714608	0.951445038865729	20.5952178034837
Q44	408	651.142857142857	661.019263961156	4.97782873705487	0.982121020784493	55.9316048162692
Q46	449	739.066666666667	805.345767265063	4.7653698496419	0.969047833813324	32.3079164788944
Q48	497	906.511111111111	968.26195632003	5.02591649281057	0.98088842062585	52.3242993382639
Q49	284	770.285714285714	752.538364325069	2.65716495301536	0.659642411116556	2.93808639108221
Q5	443	879.684931506849	941.172101120313	4.76109501723966	0.972747494115973	36.6938733728013
Q56	371	595.380281690141	630.365344785742	4.24550156188175	0.910014143982205	11.1128575562169
Q58	433	708.717647058824	794.605567882884	4.86148302942199	0.976453663812143	42.4694522333241
Q59	483	877.53488372093	909.74289976255	4.96057740545121	0.979314542264097	48.3431410011463
Q62	397	764.69014084507	869.300511542127	4.18385434191823	0.921471141533743	12.734172118772
Q63	599	955.879032258065	1029.74927017974	5.60564097931989	0.991515470503613	117.861573871109
Q67	510	773.830188679245	838.448404856806	5.40552006448779	0.989343657851398	93.840830751778
Q69	294	616	630.811322580645	3.86745694511449	0.91989586830195	12.4837505731848
Q7	430	894.55223880597	949.903407728446	4.34761351463442	0.928706332431007	14.0264911891687
Q71	336	635.844827586207	702.456907604035	3.75805625599222	0.862452795273064	7.2702313506497
Q73	465	770.5	822.438993118801	5.09841508943306	0.983832991280202	61.854361393115
Q74	432	745.783783783784	772.087400783764	5.01788399495532	0.982656185923158	57.657444641038
Q75	450	728.740740740741	767.894691818018	5.24203229654495	0.989077237673766	91.5519325727907
Q76	266	439.157894736842	528.967611111111	3.28592989979392	0.826619513859894	5.76766176091994
Q77	485	834.756097560976	849.034005474843	5.22254423168955	0.985392920941556	68.4599567099567
Q78	433	740.181818181818	752.803903722196	4.7980757772843	0.965319811153195	28.8349064192632
Q79	442	758.011111111111	887.523837024505	4.75901275098539	0.970100030780132	33.4448504828401
Q8	534	1028.02325581395	1037.89249902032	5.27856711792425	0.985954123654299	71.1952729319077
Q80	452	805.125	799.721947155741	5.15159275400042	0.986792440548314	75.7142153066254
Q81	378	664.548387096774	677.970700556976	4.58874295339284	0.957627567839504	23.6002501865426
Q82	474	714.5	803.143777961422	5.17419096820593	0.985859272491582	70.7177193963108
Q83	429	853.758064516129	832.013741554374	4.92867807610465	0.981329664515157	53.5609015066617
Q84	370	671.515151515152	750.367994521641	4.55434029255392	0.972229532374469	36.0094764511862
Q85	376	806.294117647059	775.719570705951	4.52011583000528	0.968037482947714	31.286647367732
Q86	295	502.232558139535	489.215354713314	4.32747935769731	0.962584006048157	26.7265384233025
Q87	404	705.558441558442	793.784544671072	4.46837074758873	0.948583230500414	19.4489076177386
Q89	553	1096.42528735632	1110.48413357653	5.28619840585943	0.984445804184424	64.2913341105431
Q9	446	754.932584269663	891.289029606983	4.92015346247948	0.977150633875442	43.7648902183424
Q90	485	869	881.81167572733	5.0296627487006	0.977079960460084	43.6299421848058
Q92	588	997.358974358974	1103.68941926455	5.40740304589087	0.984633646683139	65.0772489334019
Q98	441	856.652173913043	874.173953847485	4.82370369629383	0.973813174826501	38.1871415635376
Q99	249	598.375	475.668733968932	3.49312082185177	0.879923542523543	8.32802716715779
